/*--------------------------------*- C++ -*----------------------------------*\
  =========                 |
  \\      /  F ield         | OpenFOAM: The Open Source CFD Toolbox
   \\    /   O peration     | Website:  https://openfoam.org
    \\  /    A nd           | Version:  7
     \\/     M anipulation  |
\*---------------------------------------------------------------------------*/
FoamFile
{
    version     2.0;
    format      ascii;
    class       volVectorField;
    location    "0.001";
    object      UC;
}
// * * * * * * * * * * * * * * * * * * * * * * * * * * * * * * * * * * * * * //

dimensions      [0 1 -1 0 0 0 0];

internalField   nonuniform List<vector> 
125
(
(0 0 1)
(0 0 1)
(0 0 1)
(0 0 1)
(0 0 1)
(0 0 1)
(0 0 1)
(0 0 1)
(0 0 1)
(0 0 1)
(0 0 1)
(0 0 1)
(0 0 1)
(0 0 1)
(0 0 1)
(0 0 1)
(0 0 1)
(0 0 1)
(0 0 1)
(0 0 1)
(0 0 1)
(0 0 1)
(0 0 1)
(0 0 1)
(0 0 1)
(0 0 1)
(0 0 1)
(0 0 1)
(0 0 1)
(0 0 1)
(0 0 1)
(0 0 1)
(0 0 1)
(0 0 1)
(0 0 1)
(0 0 1)
(0 0 1)
(0 0 1)
(0 0 1)
(0 0 1)
(0 0 1)
(0 0 1)
(0 0 1)
(0 0 1)
(0 0 1)
(0 0 1)
(0 0 1)
(0 0 1)
(0 0 1)
(0 0 1)
(0 0 1)
(0 0 1)
(0 0 1)
(0 0 1)
(0 0 1)
(0 0 1)
(0 0 1)
(0 0 1)
(0 0 1)
(0 0 1)
(0 0 1)
(0 0 1)
(0 0 1)
(0 0 1)
(0 0 1)
(0 0 1)
(0 0 1)
(0 0 1)
(0 0 1)
(0 0 1)
(0 0 1)
(0 0 1)
(0 0 1)
(0 0 1)
(0 0 1)
(0 0 1)
(0 0 1)
(0 0 1)
(0 0 1)
(0 0 1)
(0 0 1)
(0 0 1)
(0 0 1)
(0 0 1)
(0 0 1)
(0 0 1)
(0 0 1)
(0 0 1)
(0 0 1)
(0 0 1)
(0 0 1)
(0 0 1)
(0 0 1)
(0 0 1)
(0 0 1)
(0 0 1)
(0 0 1)
(0 0 1)
(0 0 1)
(0 0 1)
(0 0 1)
(0 0 1)
(0 0 1)
(0 0 1)
(0 0 1)
(0 0 1)
(0 0 1)
(0 0 1)
(0 0 1)
(0 0 1)
(0 0 1)
(0 0 1)
(0 0 1)
(0 0 1)
(0 0 1)
(0 0 1)
(0 0 1)
(0 0 1)
(0 0 1)
(0 0 1)
(0 0 1)
(0 0 1)
(0 0 1)
(0 0 1)
(0 0 1)
)
;

boundaryField
{
    top
    {
        type            pressureInletOutletVelocity;
        value           uniform (0 0 1);
    }
    bottom
    {
        type            fixedValue;
        value           uniform (0 0 1);
    }
    walls
    {
        type            noSlip;
    }
}


// ************************************************************************* //
